Banana:1,58,61,5,0,7,-2
Banana:1,58,61,5,0,6,-5
Banana:1,58,63,5,0,7,0
Banana:1,58,63,5,0,6,-5
Banana:1,58,63,5,0,7,-1
Banana:1,58,63,5,0,7,-2
Banana:1,58,59,5,0,8,-1
Banana:1,58,59,4,0,6,-2
Banana:1,58,59,5,0,6,-3
Banana:1,58,53,5,0,7,-3
Banana:1,58,61,5,0,5,-2
Banana:1,58,61,6,0,5,-1
Banana:1,59,61,6,3,6,-1
Banana:1,58,62,6,3,5,-1
Banana:1,59,61,6,3,5,-1
Banana:1,59,61,6,3,6,-1
Banana:1,59,61,6,3,7,-1
Banana:1,59,61,6,3,6,-1
Banana:1,58,61,5,3,5,-1
Banana:1,59,61,6,3,4,-5
Banana:1,59,61,5,3,4,-2
Banana:1,58,62,5,3,4,-1
Banana:1,58,61,4,3,5,-1
Banana:1,58,61,4,0,5,-1
Banana:1,59,61,4,0,5,-1
Banana:1,58,59,4,0,4,-1
Banana:1,57,59,3,0,5,-1
Banana:1,58,59,3,0,5,-1
Banana:1,58,59,3,0,4,-5
Banana:1,58,59,3,0,4,-1
Banana:1,59,59,3,0,4,-3
Banana:1,59,61,4,0,4,-1
Banana:1,59,61,3,0,4,-2
Banana:1,59,61,5,3,5,-1
Banana:1,59,61,5,0,6,-1
Banana:1,59,61,6,1,8,-1
Banana:1,59,61,6,0,8,-1
Banana:1,59,61,6,0,7,0
Banana:1,58,61,6,3,7,-2
Banana:1,58,53,6,3,8,-2
Banana:1,58,61,5,0,8,-1
Banana:1,58,61,6,0,8,-2
Banana:1,58,61,5,0,7,-2
Banana:1,57,61,5,0,8,-2
Banana:1,57,61,5,0,7,-1
Banana:1,57,61,5,0,8,-1
Banana:1,56,61,5,3,7,-1
Banana:1,56,61,5,0,5,-2
Banana:1,56,61,5,0,6,-2
Banana:1,56,61,5,0,5,-1
Banana:1,57,61,6,0,5,-1
Banana:1,57,61,5,0,4,-2
Banana:1,57,61,6,0,5,-1
Banana:1,57,61,6,0,5,-1
Banana:1,57,53,5,0,4,-4
Banana:1,57,53,5,0,4,-2
Banana:1,58,53,4,0,4,-2
Banana:1,58,60,3,0,4,-2
Banana:1,58,53,4,0,4,-2
Banana:1,58,58,3,0,4,-2
Banana:1,58,53,4,0,5,-2
Banana:1,58,58,4,0,5,-3
Banana:1,58,58,4,0,4,-2
Banana:1,58,58,4,0,4,-2
Banana:1,57,58,3,0,4,-2
Banana:1,58,58,4,0,4,-2
Banana:1,58,58,4,0,3,-2
Banana:1,58,58,4,0,5,-1
Banana:1,58,58,4,0,5,-1
Banana:1,57,58,3,0,4,-3
Banana:1,57,58,3,0,4,-3
Banana:1,57,58,3,3,4,-5
Banana:1,57,58,3,0,5,-1
Banana:1,56,59,3,0,5,-3
Banana:1,62,64,3,3,5,-1
Banana:1,65,67,4,0,7,-1
Banana:1,65,67,4,0,8,0
Banana:1,64,67,4,0,6,0
Banana:1,64,67,4,0,9,-1
Banana:1,65,67,4,0,7,0
Banana:1,62,64,3,3,4,-5
Banana:1,61,64,4,3,4,-5
Banana:1,61,63,3,0,4,-5
Banana:1,61,64,4,0,5,-5
Banana:1,60,61,4,0,7,-1
Banana:1,60,61,4,3,4,-5
Banana:1,60,60,3,0,4,-5
Banana:1,60,60,4,0,5,-5
Banana:1,60,64,3,0,4,-5
Banana:1,60,61,3,0,6,-5
Banana:1,60,64,3,0,4,-5
Banana:1,59,60,3,0,3,-5
Banana:1,60,61,4,0,6,-5
Banana:1,48,53,16,0,9,-1
Banana:1,51,53,14,80,13,67
Banana:1,61,53,16,80,16,67
Banana:1,51,53,14,80,10,67
Banana:1,46,53,16,19,4,-6
Banana:1,48,53,14,19,4,-6
Banana:1,48,53,14,0,4,-6
Banana:1,50,53,14,0,4,-6
Banana:1,51,53,13,80,5,67
Banana:1,56,53,13,0,5,-6
Banana:1,56,53,14,0,5,-6
Banana:1,55,53,14,0,5,-6
Banana:1,55,53,14,0,5,-6
Banana:1,53,53,15,0,4,-6
Banana:1,55,53,14,80,6,-6
Banana:1,52,53,15,80,4,-6
Banana:1,54,53,13,0,4,-6
Banana:1,53,100,13,-3,3,-6
Banana:1,51,53,14,19,3,-9
Banana:1,53,100,14,0,3,-9
Banana:1,51,53,15,0,2,-9
Banana:1,51,100,15,0,2,-9
Banana:1,52,100,15,0,3,-6
Banana:1,51,100,14,0,2,-9
Banana:1,53,100,13,0,2,-6
Banana:1,54,100,14,0,2,-6
Banana:1,51,53,15,0,2,-9
Banana:1,53,100,14,19,4,-6
Banana:1,49,39,16,20,-5,-11
Banana:1,54,100,14,0,3,-9
Banana:1,49,41,16,19,-5,-9
Banana:1,52,53,16,19,2,-9
Banana:1,51,53,16,0,2,-9
Banana:1,52,53,15,0,3,-9
Banana:1,52,53,15,0,3,-9
Banana:1,52,53,15,0,4,-6
Banana:1,51,53,14,19,2,-9
Banana:1,52,53,14,19,3,-9
Banana:1,51,53,15,0,4,-9
Banana:1,51,53,15,0,4,-6
Banana:1,55,53,13,0,5,-6
Banana:1,56,53,12,0,5,-6
Banana:1,54,53,13,19,3,-9
Banana:1,54,53,13,0,3,-6
Banana:1,53,53,14,0,3,67
Banana:1,51,53,14,0,2,-6
Banana:1,51,53,14,0,1,-9
Banana:1,50,53,14,0,2,-6
Banana:1,49,53,15,20,0,-9
Banana:1,49,53,15,19,2,-6
Banana:1,49,53,14,19,3,-6
Banana:1,48,53,15,19,2,-6
Banana:1,50,100,15,0,4,-3
Banana:1,50,100,14,0,4,-6
Banana:1,51,53,13,0,2,-6
Banana:1,50,100,14,19,2,-9
Banana:1,51,100,14,16,1,-9
Banana:1,52,100,14,0,2,-9
Banana:1,51,100,14,19,2,-6
Banana:1,51,100,13,0,2,-9
Banana:1,52,100,13,0,2,-6
Banana:1,52,100,12,0,2,-9
Banana:1,53,100,13,0,2,-9
Banana:1,54,100,13,0,2,-9
Banana:1,55,53,12,0,4,67
Banana:1,55,100,12,0,4,67
Banana:1,53,53,14,0,2,-9
Banana:1,54,53,13,-3,3,-9
Banana:1,54,53,13,-3,3,-9
Banana:1,53,53,13,0,2,-9
Banana:1,55,53,13,0,4,-9
Banana:1,55,53,13,0,3,-9
Banana:1,52,53,15,19,0,-9
Banana:1,57,53,13,0,3,-9
Banana:1,54,53,13,19,2,-9
Banana:1,55,53,13,0,2,-9
Banana:1,54,100,14,0,2,-9
Banana:1,56,53,13,0,2,-9
Banana:1,56,100,13,0,2,-9
Banana:1,54,100,14,0,3,-6
