Pitaya:0,36,36,33,46,1,0
Pitaya:3,36,53,37,80,3,0
Pitaya:7,41,53,35,48,0,0
Pitaya:7,42,29,33,48,0,0
Pitaya:7,40,53,32,0,1,0
Pitaya:7,40,53,34,80,2,0
Pitaya:7,38,53,36,80,1,0
Pitaya:7,40,53,33,80,1,0
Pitaya:7,41,53,32,80,1,0
Pitaya:0,40,53,36,80,3,0
Pitaya:7,40,53,36,80,1,0
Pitaya:7,42,53,29,0,0,0
Pitaya:7,41,53,32,80,2,0
Pitaya:7,42,53,32,80,2,0
Pitaya:7,43,53,31,80,2,0
Pitaya:7,44,53,30,80,2,0
Pitaya:7,45,53,29,80,2,0
Pitaya:7,45,53,30,80,3,0
Pitaya:7,45,53,30,80,3,0
Pitaya:7,46,53,31,80,3,0
Pitaya:7,47,53,30,80,4,0
Pitaya:7,48,53,29,80,3,0
Pitaya:7,47,53,33,80,2,0
Pitaya:7,47,53,32,80,1,0
Pitaya:7,48,53,27,80,2,0
Pitaya:7,48,53,29,80,3,0
Pitaya:7,44,53,33,80,2,0
Pitaya:7,41,53,34,80,1,0
Pitaya:7,38,53,32,0,3,0
Pitaya:7,41,53,27,80,4,0
Pitaya:7,40,53,26,0,3,0
Pitaya:7,42,53,27,80,4,0
Pitaya:7,41,53,28,80,3,0
Pitaya:7,43,53,23,0,3,0
Pitaya:7,43,53,24,0,3,0
Pitaya:7,42,53,24,0,3,0
Pitaya:7,41,53,29,80,3,0
Pitaya:7,42,53,29,80,3,0
Pitaya:7,42,53,28,80,3,0
Pitaya:7,41,53,27,0,3,0
Pitaya:5,43,53,27,80,5,0
Pitaya:7,40,53,30,80,3,0
Pitaya:7,39,53,30,80,2,0
Pitaya:7,39,53,26,0,2,0
Pitaya:7,34,53,32,80,1,0
Pitaya:7,36,53,29,80,3,0
Pitaya:7,36,53,29,80,2,0
Pitaya:7,36,53,29,80,3,0
Pitaya:7,35,53,30,80,2,0
Pitaya:7,34,53,28,0,2,0
Pitaya:7,33,53,28,0,2,0
Pitaya:7,33,53,29,0,2,0
Pitaya:7,33,53,29,0,2,0
Pitaya:7,33,53,29,0,3,0
Pitaya:7,38,53,31,80,2,0
Pitaya:7,37,53,32,80,3,0
Pitaya:5,36,53,33,80,4,0
Pitaya:7,38,53,35,80,6,0
Pitaya:7,38,53,35,80,3,0
Pitaya:7,37,53,36,80,4,0
Pitaya:7,39,53,35,80,4,0
Pitaya:7,38,53,36,80,4,0
Pitaya:7,39,53,36,80,4,0
Pitaya:5,39,53,38,80,6,0
Pitaya:7,39,53,36,80,5,0
Pitaya:5,39,53,38,80,6,0
Pitaya:7,39,53,35,80,4,0
Pitaya:5,39,53,37,80,6,0
Pitaya:7,40,53,37,80,3,0
Pitaya:5,40,53,38,80,5,0
Pitaya:7,41,53,36,80,2,0
Pitaya:5,39,53,39,80,4,0
Pitaya:7,42,53,37,80,1,0
Pitaya:5,39,53,38,80,4,0
Pitaya:7,43,53,38,52,1,0
Pitaya:5,39,53,39,80,4,0
Pitaya:7,42,53,38,52,0,0
Pitaya:5,40,53,37,80,2,0
Pitaya:7,41,53,37,80,0,0
Pitaya:5,40,53,37,80,2,0
Pitaya:7,40,53,37,80,1,0
Pitaya:5,40,53,39,80,3,0
Pitaya:7,41,53,36,80,1,0
Pitaya:5,39,53,37,80,3,0
Pitaya:7,44,53,31,80,0,0
Pitaya:7,42,53,36,80,1,0
Pitaya:7,42,53,34,80,2,0
Pitaya:7,42,53,33,80,2,0
Pitaya:7,46,53,28,4,1,0
Pitaya:7,44,53,32,80,2,0
Pitaya:7,41,53,31,80,3,0
Pitaya:7,41,53,29,80,3,0
Pitaya:7,41,53,24,0,4,0
Pitaya:7,38,53,33,80,1,0
Pitaya:7,47,53,29,80,1,0
Pitaya:7,45,53,31,80,1,0
Pitaya:7,50,53,21,80,2,0
Pitaya:7,52,53,20,4,2,0
Pitaya:7,48,53,22,80,2,0
Pitaya:7,49,53,21,0,3,0
Pitaya:7,51,53,20,80,2,0
Pitaya:7,49,53,21,0,1,0
Pitaya:7,50,53,22,0,1,0
Pitaya:7,51,53,26,80,0,0
Pitaya:7,50,53,26,0,0,0
Pitaya:7,47,53,27,0,0,0
Pitaya:7,46,53,31,80,0,0
Pitaya:7,43,53,34,80,0,0
Pitaya:7,45,53,29,80,2,0
Pitaya:7,43,53,29,80,2,0
Pitaya:7,42,53,30,80,3,0
Pitaya:7,43,53,28,0,3,0
Pitaya:7,41,53,29,80,3,0
Pitaya:7,40,53,29,80,4,0
Pitaya:7,41,53,31,0,4,0
Pitaya:7,40,53,30,0,2,0
Pitaya:7,40,53,35,80,3,0
Pitaya:7,41,53,31,80,2,0
Pitaya:7,40,53,31,80,1,0
Pitaya:7,41,53,34,80,1,0
Pitaya:7,40,53,33,80,2,0
Pitaya:7,38,53,34,80,3,0
Pitaya:7,38,53,33,80,1,0
Pitaya:7,39,53,33,80,1,0
Pitaya:7,35,19,29,0,2,0
Pitaya:7,35,19,29,0,2,0
Pitaya:7,36,53,29,0,2,0
Pitaya:7,37,53,29,80,2,0
Pitaya:7,39,53,30,80,3,0
Pitaya:7,38,53,30,80,2,0
Pitaya:7,41,53,32,80,3,0
Pitaya:7,39,53,32,80,2,0
Pitaya:7,40,53,35,80,2,0
Pitaya:7,41,53,36,80,3,0
Pitaya:7,42,53,35,80,2,0
Pitaya:7,42,53,37,80,1,0
Pitaya:7,46,53,39,80,0,0
Pitaya:7,47,53,41,80,-1,0
Pitaya:7,48,53,42,80,-1,0
Pitaya:7,47,53,38,80,-3,0
Pitaya:7,48,53,40,80,-1,0
Pitaya:7,48,53,40,80,0,0
Pitaya:7,51,53,43,80,-1,0
Pitaya:7,52,53,42,60,-3,-10
Pitaya:7,50,53,41,59,-2,0
Pitaya:7,51,53,40,59,-3,0
Pitaya:7,45,53,41,80,-4,0
Pitaya:7,47,53,35,80,-2,0
Pitaya:7,44,53,34,80,-2,0
Pitaya:7,42,53,34,80,0,0
Pitaya:5,40,53,37,80,3,0
Pitaya:7,42,53,33,80,0,0
Pitaya:4,36,53,33,48,1,0
Pitaya:5,37,53,34,80,4,0
Pitaya:7,39,53,35,80,5,0
Pitaya:5,38,53,31,80,14,67
Pitaya:5,49,53,34,80,13,67
Pitaya:7,41,53,28,80,6,0
Pitaya:7,44,53,31,80,7,0
Pitaya:7,43,53,30,80,7,0
Pitaya:7,42,53,29,80,5,0
Pitaya:7,42,53,29,80,4,1
Pitaya:7,45,53,32,80,3,0
Pitaya:7,51,53,40,80,2,0
Pitaya:7,46,53,33,80,4,0
Pitaya:7,45,33,32,80,3,0
Pitaya:7,44,53,31,80,3,0
Pitaya:7,46,53,33,80,3,0
Pitaya:7,46,53,32,80,3,0
Pitaya:7,46,53,33,80,3,0
Pitaya:7,44,53,30,80,2,0
Pitaya:7,45,53,30,80,4,0
Pitaya:7,44,53,30,80,2,0
Pitaya:7,43,53,27,80,3,0
Pitaya:7,44,53,29,80,3,0
Pitaya:7,44,53,29,80,4,0
Pitaya:7,44,53,29,80,4,0
Pitaya:7,50,53,31,80,3,0
Pitaya:7,52,53,32,80,2,0
Pitaya:7,52,53,31,80,3,0
Pitaya:7,52,53,30,80,5,0
Pitaya:7,52,53,31,80,4,0
Pitaya:7,51,53,31,80,5,0
Pitaya:7,52,53,33,80,3,0
Pitaya:7,49,53,29,80,4,0
Pitaya:7,49,53,30,80,4,0
Pitaya:7,48,53,30,80,4,0
Pitaya:7,53,53,40,57,0,0
Pitaya:7,48,53,30,80,4,0
Pitaya:7,48,53,32,80,3,0
Pitaya:7,48,53,32,80,2,0
Pitaya:7,48,53,33,80,2,0
Pitaya:7,49,53,34,80,2,0
Pitaya:7,49,53,35,57,0,0
Pitaya:7,50,53,35,80,1,0
Pitaya:7,49,53,35,80,1,0
Pitaya:7,49,53,34,57,2,0
Pitaya:7,50,53,35,80,2,0
Pitaya:7,50,53,34,57,2,0
Pitaya:1,50,53,24,18,0,-3
Pitaya:7,50,53,34,0,1,0
Pitaya:7,46,53,32,80,1,0
Pitaya:7,46,53,32,80,2,0
Pitaya:7,45,53,32,80,2,0
Pitaya:7,46,53,32,80,3,0
Pitaya:7,46,53,32,80,3,0
Pitaya:7,45,53,31,80,2,0
Pitaya:7,45,53,30,80,3,0
Pitaya:7,44,53,28,80,3,0
Pitaya:7,44,53,29,80,3,0
Pitaya:7,43,53,27,20,3,0
Pitaya:7,42,53,26,80,4,0
Pitaya:7,44,53,28,80,4,0
Pitaya:7,43,53,28,80,4,0
Pitaya:7,43,53,29,80,3,0
Pitaya:7,44,53,29,80,3,0
Pitaya:7,44,53,28,80,4,0
Pitaya:7,44,53,27,80,4,0
Pitaya:7,44,53,28,80,4,0
Pitaya:7,44,53,26,80,4,0
Pitaya:7,44,53,27,80,3,0
Pitaya:7,44,53,27,80,3,0
Pitaya:7,45,53,30,80,3,0
Pitaya:7,45,53,29,80,2,0
Pitaya:7,44,53,30,80,2,0
Pitaya:7,44,53,30,80,3,0
Pitaya:7,44,53,32,80,1,0
Pitaya:7,44,53,32,80,2,0
Pitaya:7,44,53,32,80,1,0
Pitaya:7,44,53,31,80,1,0
Pitaya:7,44,53,32,80,1,0
Pitaya:7,44,53,32,80,1,0
Pitaya:7,44,53,32,80,0,0
Pitaya:7,44,53,32,80,2,0
Pitaya:7,44,53,32,80,2,0
Pitaya:7,43,53,31,80,1,0
