Orange:4,47,53,26,80,14,17
Orange:5,50,53,26,80,14,67
Orange:4,47,53,25,80,13,16
Orange:4,46,53,26,34,13,16
Orange:4,46,53,26,32,14,16
Orange:4,46,53,26,34,14,16
Orange:4,46,53,27,80,15,16
Orange:4,46,53,26,80,15,17
Orange:4,46,53,26,80,14,17
Orange:4,46,53,26,80,14,17
Orange:4,46,53,27,80,15,17
Orange:4,46,53,27,80,16,17
Orange:4,46,53,26,80,14,0
Orange:4,45,53,26,80,16,15
Orange:4,45,53,28,80,17,18
Orange:3,47,53,24,7,14,0
Orange:4,48,53,26,80,16,67
Orange:4,46,53,27,80,15,15
Orange:5,47,53,29,80,17,67
Orange:4,46,53,26,80,14,0
Orange:3,49,53,25,80,14,0
Orange:4,47,53,24,80,13,0
Orange:4,45,53,28,80,17,67
Orange:4,45,53,27,80,15,67
Orange:4,45,53,28,80,16,67
Orange:4,46,53,27,80,15,67
Orange:5,48,53,30,80,18,67
Orange:4,46,53,27,80,15,67
Orange:5,47,53,31,80,18,67
Orange:4,46,53,28,80,16,67
Orange:5,47,53,31,80,19,67
Orange:4,46,53,28,80,16,67
Orange:5,48,53,31,80,19,67
Orange:4,46,53,29,80,16,67
Orange:3,47,53,26,80,14,0
Orange:3,47,53,26,34,13,0
Orange:4,49,53,27,80,14,0
Orange:3,45,53,27,32,14,16
Orange:4,43,53,28,80,15,15
Orange:3,45,53,30,80,16,67
Orange:4,43,53,26,32,14,0
Orange:3,43,53,31,80,18,67
Orange:3,44,53,28,32,14,16
Orange:4,44,53,28,80,15,67
Orange:3,43,53,27,32,13,0
Orange:4,45,53,28,80,15,67
Orange:3,43,53,27,30,13,0
Orange:3,41,20,26,29,12,12
Orange:4,43,53,27,80,13,67
Orange:3,42,20,25,28,13,0
Orange:4,43,53,30,80,17,67
Orange:3,41,53,26,29,12,0
Orange:3,42,53,25,29,13,0
Orange:3,44,53,25,28,13,0
Orange:4,44,53,29,80,17,67
Orange:4,44,53,26,27,14,0
Orange:3,44,53,27,80,15,67
Orange:4,45,53,26,27,13,67
Orange:3,45,53,28,80,14,67
Orange:4,45,53,26,27,14,0
Orange:4,45,53,24,27,13,0
Orange:3,45,53,26,80,16,67
Orange:4,43,53,27,27,17,67
Orange:3,45,53,24,80,13,0
Orange:4,46,53,26,80,16,67
Orange:4,44,53,27,27,20,67
Orange:4,45,53,25,27,18,0
Orange:5,44,53,26,80,19,19
Orange:4,47,53,26,80,19,67
Orange:3,46,53,23,80,17,0
Orange:4,47,53,25,80,18,0
Orange:5,46,53,23,27,17,0
Orange:4,47,53,26,80,19,67
Orange:5,46,53,23,80,17,0
Orange:4,47,53,26,80,19,67
Orange:5,45,53,23,80,17,0
Orange:4,47,53,25,80,19,67
Orange:4,46,53,24,80,18,0
Orange:4,48,53,23,80,16,0
Orange:5,46,53,27,80,21,67
Orange:5,45,53,25,27,20,0
Orange:4,47,53,26,80,21,67
Orange:5,46,53,26,27,19,0
Orange:4,48,53,25,80,18,0
Orange:5,46,53,25,27,21,0
Orange:4,47,53,27,80,22,67
Orange:5,47,53,26,27,20,0
Orange:4,47,53,27,80,22,67
Orange:5,47,53,25,27,21,25
Orange:4,49,53,24,80,20,0
Orange:5,48,53,26,27,20,25
Orange:4,48,53,27,80,22,67
Orange:5,49,53,25,27,20,0
Orange:4,50,53,25,80,20,0
Orange:4,49,53,22,80,17,0
Orange:5,50,53,24,80,18,67
Orange:4,48,53,25,23,19,0
Orange:5,51,53,24,80,18,0
Orange:5,49,53,25,23,20,19
Orange:4,51,53,24,80,18,0
Orange:4,49,53,22,27,16,0
Orange:4,49,53,23,23,17,0
Orange:4,50,53,22,25,16,0
Orange:4,49,53,23,80,16,0
Orange:4,49,53,24,25,16,0
Orange:4,49,53,24,27,16,19
Orange:4,49,53,25,27,16,19
Orange:4,48,53,25,27,17,19
Orange:4,48,53,26,27,19,0
Orange:4,48,53,26,27,16,0
Orange:4,48,53,24,27,14,0
Orange:4,48,53,25,27,15,0
Orange:4,46,53,25,27,14,0
Orange:3,48,53,27,80,16,67
Orange:4,47,53,25,27,13,0
Orange:3,49,53,27,80,15,67
Orange:4,48,53,27,31,16,19
Orange:3,49,53,27,80,17,0
Orange:4,48,53,26,27,14,0
Orange:3,49,53,26,80,15,0
Orange:4,46,53,25,27,15,0
Orange:3,48,53,27,80,17,67
Orange:3,47,53,27,27,17,0
Orange:4,47,53,27,80,18,67
Orange:3,47,53,28,27,17,67
Orange:4,46,53,25,80,14,0
Orange:3,47,53,28,27,17,67
Orange:3,50,53,26,27,17,0
Orange:4,50,53,26,80,16,0
Orange:4,45,53,27,27,16,67
Orange:3,47,53,26,80,16,67
Orange:4,44,53,26,27,17,67
Orange:3,46,53,26,80,17,67
Orange:4,43,53,27,80,15,67
Orange:3,46,53,26,80,15,0
Orange:4,42,53,27,80,16,67
Orange:3,45,53,25,80,15,0
Orange:4,42,53,27,80,15,67
Orange:3,44,53,26,80,15,0
Orange:4,41,53,28,80,15,67
Orange:3,44,53,27,80,15,67
Orange:4,42,53,27,80,14,12
Orange:3,45,53,26,80,14,67
Orange:4,41,53,27,80,13,67
Orange:3,44,53,26,80,12,0
Orange:4,41,20,27,80,15,67
Orange:3,45,53,24,80,13,0
Orange:4,42,20,27,80,16,17
Orange:3,44,53,26,80,16,0
Orange:5,43,20,24,80,13,0
Orange:3,42,53,27,80,15,67
Orange:4,43,53,28,80,17,67
Orange:4,40,20,27,80,15,15
Orange:3,43,53,28,80,16,67
Orange:5,42,20,24,32,12,15
Orange:4,45,53,25,80,13,67
Orange:3,44,53,26,34,11,12
Orange:5,45,53,29,80,14,67
Orange:4,45,53,30,80,16,67
Orange:3,44,22,25,32,12,0
Orange:3,44,22,26,32,10,0
Orange:3,42,22,26,32,10,15
Orange:3,40,22,28,32,10,15
Orange:3,43,22,25,32,8,0
Orange:5,38,22,30,32,10,12
Orange:4,45,53,28,0,11,0
Orange:3,43,53,31,80,13,67
Orange:3,40,22,28,0,8,0
Orange:5,37,22,32,80,12,67
Orange:4,43,53,31,80,13,67
Orange:3,39,22,28,32,10,15
Orange:4,42,53,28,80,12,67
Orange:5,40,53,29,80,14,67
Orange:3,41,100,27,0,7,0
Orange:5,38,53,30,80,11,67
Orange:5,41,22,28,34,12,15
Orange:3,46,53,26,80,12,0
Orange:5,41,20,27,32,11,12
Orange:3,50,53,22,80,7,0
Orange:5,45,20,26,32,11,12
Orange:3,45,53,25,80,12,0
Orange:4,43,53,29,80,16,67
Orange:4,41,53,27,80,13,67
Orange:5,46,53,28,80,14,67
Orange:3,46,53,27,80,14,0
Orange:4,42,53,26,80,13,0
Orange:3,45,53,25,80,13,0
Orange:4,43,53,25,80,14,0
Orange:4,44,53,24,80,14,0
Orange:4,45,53,25,80,14,0
Orange:4,48,53,24,80,16,0
Orange:4,50,53,24,80,15,0
Orange:4,52,53,25,80,15,0
Orange:4,52,53,25,80,16,0
Orange:4,51,53,26,80,17,67
Orange:3,53,53,22,80,14,0
Orange:4,53,53,25,80,16,67
Orange:4,52,53,23,80,15,0
Orange:5,52,53,25,80,18,0
Orange:4,53,53,26,80,19,67
Orange:5,52,53,24,25,18,0
Orange:4,54,53,23,80,17,0
Orange:5,52,53,24,27,18,0
Orange:4,54,53,24,80,17,0
Orange:5,51,53,25,80,19,0
Orange:3,52,53,27,80,21,67
Orange:4,55,53,25,80,20,0
Orange:5,53,53,22,25,17,0
Orange:4,54,53,23,80,18,0
Orange:4,51,53,23,80,16,0
Orange:5,50,53,27,80,21,67
Orange:4,51,53,22,80,16,0
Orange:5,49,53,28,80,22,67
Orange:4,51,53,22,80,16,0
Orange:5,50,53,27,80,21,67
Orange:4,51,53,22,6,14,0
Orange:4,50,53,24,25,17,0
Orange:4,51,53,23,80,16,0
Orange:4,49,53,25,80,17,0
Orange:3,48,53,25,80,18,0
Orange:4,50,53,27,80,19,67
Orange:3,49,53,24,80,17,0
Orange:4,50,53,26,80,19,67
Orange:4,50,53,23,80,16,0
Orange:4,51,53,24,80,17,0
Orange:4,51,53,25,80,18,0
Orange:3,50,53,25,80,18,20
Orange:4,52,53,26,80,19,67
Orange:3,50,53,26,80,17,19
Orange:4,51,53,28,80,19,67
Orange:4,51,53,26,80,18,0
Orange:4,50,53,26,80,17,19
Orange:3,51,53,28,31,19,19
Orange:4,51,53,27,80,18,0
Orange:3,49,53,29,33,18,19
Orange:4,49,53,29,80,19,67
Orange:4,45,53,26,33,16,19
Orange:3,46,53,28,80,18,67
Orange:4,43,53,25,34,15,18
Orange:3,45,53,27,80,17,67
Orange:4,43,53,27,34,17,16
Orange:3,44,53,29,80,18,67
Orange:4,43,28,27,36,17,23
Orange:3,45,53,29,80,18,67
Orange:4,42,53,26,36,15,16
Orange:3,45,53,28,80,17,67
Orange:4,43,53,27,34,15,16
Orange:3,45,53,30,80,18,67
Orange:4,45,53,26,34,16,67
Orange:3,46,53,29,80,18,67
Orange:4,45,53,28,36,16,16
Orange:3,46,53,28,80,17,67
Orange:4,45,53,24,0,13,0
Orange:3,47,53,29,80,17,67
Orange:4,46,53,26,35,14,0
Orange:3,47,53,27,80,15,67
Orange:3,45,53,24,80,13,0
Orange:3,47,53,27,34,15,16
Orange:3,47,53,28,34,17,16
Orange:3,46,53,27,34,15,16
Orange:4,47,53,28,80,17,67
Orange:3,47,53,26,80,14,0
Orange:4,48,53,29,80,17,67
Orange:4,47,53,27,32,14,16
Orange:4,47,53,27,32,15,16
Orange:4,48,53,25,80,13,0
Orange:4,48,53,25,27,15,20
Orange:4,50,53,25,27,17,19
Orange:4,51,53,25,27,17,20
Orange:4,51,53,25,25,18,20
Orange:4,52,53,25,25,19,23
Orange:4,52,53,25,25,20,23
Orange:5,53,53,26,80,20,67
Orange:4,52,53,25,25,21,23
Orange:4,53,53,23,25,15,0
Orange:3,53,53,24,80,16,0
Orange:1,69,76,5,2,1,0
Orange:1,65,68,5,2,1,0
Orange:5,64,53,19,0,10,0
Orange:5,57,53,32,80,24,67
Orange:5,62,53,31,80,24,67
Orange:5,60,53,32,80,27,67
Orange:5,62,53,31,80,21,67
Orange:5,62,53,31,80,21,67
Orange:5,57,53,31,80,22,67
Orange:5,61,53,31,80,25,67
Orange:8,63,53,30,80,22,67
Orange:8,59,53,30,80,20,67
Orange:8,62,53,29,80,23,67
Orange:5,60,53,30,80,21,67
Orange:8,61,53,30,80,23,67
Orange:8,62,53,30,80,22,67
Orange:8,63,53,30,80,24,67
Orange:5,65,53,30,80,22,67
Orange:8,63,53,33,80,26,67
Orange:8,66,53,30,80,23,67
Orange:5,66,53,30,80,25,67
Orange:4,56,53,29,80,17,67
Orange:8,62,53,34,80,25,67
Orange:4,53,53,28,80,16,67
Orange:8,63,53,32,80,25,67
Orange:8,67,53,30,80,25,67
Orange:8,66,53,29,80,23,67
Orange:5,66,53,29,80,24,67
Orange:8,62,53,33,80,28,67
Orange:8,61,53,30,80,24,67
Orange:8,55,53,28,80,18,67
Orange:5,54,53,26,80,13,0
Orange:8,56,53,30,80,19,67
Orange:8,63,53,30,80,20,67
Orange:8,56,53,29,80,16,67
Orange:8,53,53,28,80,14,0
Orange:8,54,53,30,80,16,67
Orange:8,53,53,29,80,17,67
Orange:4,55,53,27,20,13,0
Orange:8,54,53,29,80,17,0
Orange:4,55,53,28,80,14,0
Orange:3,53,53,27,0,16,0
Orange:8,56,53,35,80,25,67
Orange:8,58,53,31,80,26,67
Orange:5,56,53,28,80,19,0
Orange:8,62,53,33,80,30,67
Orange:5,57,53,27,80,18,0
Orange:8,62,53,31,80,28,67
Orange:4,60,53,28,80,20,67
Orange:8,61,53,31,80,24,67
Orange:4,59,53,28,80,18,0
Orange:8,62,53,31,80,24,67
Orange:4,59,53,28,80,18,67
Orange:8,60,53,30,80,22,67
Orange:8,59,53,27,80,20,67
Orange:8,60,53,28,80,20,67
Orange:4,60,53,29,80,19,67
Orange:5,59,53,30,80,22,67
Orange:8,60,53,32,80,24,67
Orange:8,59,53,28,80,21,67
Orange:5,59,53,30,80,23,67
Orange:8,60,53,28,80,21,67
Orange:5,60,53,30,80,23,67
Orange:5,61,53,28,80,21,67
Orange:5,61,53,28,80,21,67
Orange:8,71,53,30,80,28,67
Orange:5,61,53,28,80,22,67
Orange:8,71,53,30,80,29,67
Orange:5,61,53,29,80,22,67
Orange:8,72,53,30,80,28,67
Orange:5,63,53,29,80,22,67
Orange:8,72,53,30,80,28,67
Orange:5,64,53,29,80,22,67
Orange:3,64,53,29,80,23,67
Orange:5,62,53,28,80,21,67
Orange:5,62,53,28,80,22,67
Orange:5,61,53,28,80,22,67
Orange:3,61,53,28,80,21,67
Orange:5,62,53,29,80,23,67
Orange:3,59,53,28,21,20,67
Orange:5,64,53,30,80,25,67
Orange:3,62,53,26,80,18,67
Orange:5,67,53,29,80,24,67
Orange:5,64,53,26,80,19,67
Orange:5,68,53,25,80,19,19
Orange:5,68,53,24,80,20,67
Orange:5,69,53,24,80,20,67
Orange:8,63,53,26,80,17,0
Orange:5,68,53,24,80,19,20
Orange:8,60,53,26,80,16,0
Orange:5,68,53,24,80,18,0
Orange:8,62,53,26,80,16,0
Orange:5,68,53,24,80,19,22
Orange:8,63,53,26,80,17,0
Orange:5,67,53,24,80,18,19
Orange:8,62,53,26,80,17,0
Orange:5,67,53,24,80,17,0
Orange:8,62,53,26,80,16,0
Orange:8,68,53,25,80,19,67
Orange:8,65,53,24,80,15,0
Orange:5,69,53,25,80,16,19
Orange:8,69,53,28,80,19,67
Orange:5,66,53,26,80,16,19
Orange:8,63,53,28,80,17,67
Orange:4,64,53,27,80,14,0
Orange:8,67,53,26,80,17,67
Orange:5,63,53,30,80,19,67
Orange:8,65,53,26,80,15,0
Orange:4,63,53,27,80,14,67
Orange:8,64,53,27,80,16,67
Orange:8,64,53,28,80,17,67
Orange:8,63,53,27,80,17,67
Orange:8,60,53,28,80,17,67
Orange:4,59,53,28,80,16,67
Orange:8,56,53,28,80,14,0
Orange:8,56,53,27,80,13,0
Orange:4,57,53,28,80,14,67
Orange:8,57,53,29,80,15,67
Orange:4,56,53,28,80,13,67
Orange:8,56,53,28,80,15,67
Orange:8,56,53,28,80,15,67
Orange:3,55,53,28,80,15,67
Orange:3,53,53,28,80,15,0
Orange:3,49,53,28,80,15,67
Orange:5,53,53,29,80,14,0
Orange:3,50,53,31,80,17,67
Orange:3,50,53,30,80,15,0
Orange:5,53,53,30,80,15,67
Orange:8,51,53,32,80,19,67
Orange:4,51,53,29,80,14,0
Orange:4,50,53,27,80,10,0
Orange:5,52,53,29,80,14,0
Orange:4,51,53,28,80,12,0
Orange:5,52,53,29,80,15,67
Orange:4,52,53,29,80,15,67
Orange:4,52,53,29,80,18,67
Orange:8,51,53,31,80,22,67
Orange:4,55,53,29,80,17,67
Orange:8,55,53,33,80,23,67
Orange:4,58,53,28,80,17,67
Orange:8,54,53,28,80,17,67
Orange:8,51,53,27,80,14,0
Orange:4,53,53,29,80,16,67
Orange:8,58,53,28,80,18,67
Orange:4,55,53,27,80,15,0
Orange:4,56,53,28,80,18,67
Orange:8,58,53,31,80,22,67
Orange:4,58,53,29,80,18,67
Orange:8,58,53,32,80,23,67
Orange:4,58,53,28,80,15,67
Orange:8,57,53,32,80,20,67
Orange:4,59,53,29,80,18,67
Orange:8,59,53,33,80,23,67
Orange:4,58,53,28,80,15,67
Orange:4,60,53,28,80,16,67
Orange:8,59,53,31,80,21,67
Orange:4,58,53,31,80,20,67
Orange:4,58,53,31,80,21,67
Orange:8,53,53,29,80,22,67
Orange:4,52,53,28,80,17,67
Orange:8,54,53,28,80,20,67
Orange:4,53,53,28,80,17,67
Orange:4,56,53,28,80,17,67
Orange:5,57,53,30,80,21,67
Orange:8,58,53,33,80,25,67
Orange:4,57,53,29,80,18,67
Orange:8,58,53,32,80,22,67
Orange:4,56,53,28,80,18,67
Orange:8,55,53,31,80,22,67
Orange:8,53,53,29,80,19,67
Orange:8,57,53,29,80,20,67
Orange:8,57,53,29,80,20,67
Orange:8,57,53,30,80,19,67
Orange:4,56,53,30,80,20,67
Orange:8,56,53,29,80,19,67
Orange:4,52,53,28,80,14,67
Orange:8,56,53,30,80,18,67
Orange:8,56,53,29,80,19,67
Orange:8,55,53,29,80,20,67
Orange:8,55,53,30,80,21,67
Orange:8,55,53,29,80,21,67
Orange:8,53,53,29,80,18,67
Orange:5,54,53,28,80,19,67
Orange:8,55,53,31,80,23,67
Orange:3,56,53,29,80,20,67
Orange:5,57,53,32,80,24,67
Orange:8,59,53,36,80,32,67
Orange:5,55,53,29,80,18,67
Orange:8,58,53,35,80,28,67
Orange:5,54,53,28,80,18,67
Orange:8,59,53,35,80,28,67
Orange:5,54,53,27,80,17,0
Orange:5,55,53,27,80,16,0
Orange:8,60,53,31,80,26,67
Orange:5,56,53,26,80,16,0
Orange:8,61,53,31,80,25,67
