Peach:5,59,53,11,7,0,0
Peach:1,54,53,16,19,0,0
Peach:5,59,53,12,0,0,0
Peach:1,54,53,16,0,0,0
Peach:5,59,53,12,0,0,0
Peach:1,55,53,16,0,0,0
Peach:5,60,53,12,4,0,0
Peach:1,55,53,16,0,0,0
Peach:5,60,53,12,0,0,0
Peach:5,59,53,11,4,0,0
Peach:1,53,53,13,0,0,0
Peach:5,61,53,12,0,0,0
Peach:5,63,53,12,4,0,0
Peach:1,47,53,14,0,0,-3
Peach:5,57,53,12,4,-1,-3
Peach:5,48,53,15,0,-1,-3
Peach:8,53,53,14,0,0,0
Peach:1,48,53,14,4,-1,-3
Peach:5,53,53,15,4,-1,-3
Peach:5,49,53,14,4,-1,-3
Peach:5,58,53,14,7,0,0
Peach:5,63,53,13,4,0,-3
Peach:5,60,53,12,0,1,0
Peach:5,59,53,13,0,1,0
Peach:8,54,53,10,4,1,0
Peach:8,59,53,12,4,0,0
Peach:5,59,53,15,80,2,0
Peach:5,60,53,15,2,1,0
Peach:5,60,53,13,0,1,0
Peach:5,60,53,13,0,1,0
Peach:5,61,53,13,0,1,0
Peach:5,61,53,13,0,0,0
Peach:5,61,53,13,0,0,0
Peach:5,61,53,14,2,0,0
Peach:5,61,53,13,0,1,0
Peach:5,58,53,12,0,0,0
Peach:5,57,53,10,4,0,0
Peach:8,55,53,10,0,1,0
Peach:5,57,53,13,0,2,0
Peach:8,54,53,10,4,0,0
Peach:5,58,53,12,0,2,0
Peach:5,56,53,10,0,1,0
Peach:5,59,53,11,0,1,0
Peach:5,56,53,11,2,1,0
Peach:5,57,53,10,4,1,0
Peach:5,58,53,10,-1,1,0
Peach:5,59,53,10,-1,0,0
Peach:5,59,53,11,2,1,0
Peach:5,59,53,12,-1,0,0
Peach:5,57,53,13,4,0,0
Peach:5,57,53,13,4,0,0
Peach:5,58,53,14,4,0,0
Peach:5,57,53,15,0,0,0
Peach:5,56,53,13,4,0,0
Peach:5,57,53,14,4,0,0
Peach:5,55,53,13,4,1,0
Peach:5,53,53,14,4,0,0
Peach:5,52,53,15,4,0,0
Peach:5,51,53,15,4,0,0
Peach:5,50,53,15,4,0,-4
Peach:5,50,53,15,4,0,-3
Peach:5,50,53,15,4,0,0
Peach:5,48,53,15,4,0,-3
Peach:5,49,53,15,4,0,-3
Peach:5,49,53,17,4,-1,-6
Peach:5,49,53,17,4,0,-3
Peach:5,48,53,15,0,1,0
Peach:5,50,53,16,0,1,0
Peach:5,50,53,15,0,1,0
Peach:5,52,53,16,0,1,0
Peach:5,51,53,13,0,2,0
Peach:4,51,53,13,0,2,0
Peach:5,52,53,16,0,4,0
Peach:5,51,53,13,0,1,0
Peach:5,52,53,13,0,1,0
Peach:5,53,53,12,-1,0,0
Peach:5,56,53,12,-1,0,0
Peach:5,57,53,10,0,1,0
Peach:5,58,53,10,0,1,0
Peach:5,64,53,10,-1,1,0
Peach:5,64,53,10,-1,1,0
Peach:5,65,53,9,-1,1,0
Peach:5,61,53,8,-1,1,0
Peach:5,62,53,8,-1,1,0
Peach:5,64,53,8,-1,1,0
Peach:5,62,53,8,-1,0,0
Peach:5,62,53,8,-1,0,0
Peach:5,63,53,8,-1,1,0
Peach:5,63,53,9,-1,0,0
Peach:5,64,53,9,-1,1,0
Peach:8,62,53,9,-1,1,0
Peach:5,63,53,11,-1,2,0
Peach:5,64,53,10,4,1,0
Peach:5,64,53,10,4,1,0
Peach:5,63,53,10,-1,0,0
Peach:5,63,53,11,4,0,0
Peach:5,62,53,11,4,0,0
Peach:5,62,53,10,2,0,0
Peach:5,67,53,11,4,0,0
Peach:5,68,100,11,0,1,0
Peach:5,67,100,12,0,0,0
Peach:5,66,53,13,0,0,0
Peach:5,65,53,13,0,0,0
Peach:5,65,53,12,4,0,0
Peach:5,64,53,13,4,0,0
Peach:5,63,53,13,0,0,0
Peach:5,61,53,14,4,0,0
Peach:5,62,53,13,4,0,0
Peach:5,61,53,13,4,0,0
Peach:5,60,53,14,0,0,0
Peach:5,61,53,14,0,0,0
Peach:5,63,53,15,0,0,0
Peach:5,62,53,14,0,1,0
Peach:5,64,53,11,0,2,0
Peach:5,64,100,10,0,2,0
Peach:5,65,100,8,0,3,0
Peach:5,64,100,7,0,4,0
Peach:5,64,100,7,0,3,0
Peach:5,67,53,6,0,4,0
Peach:5,65,53,5,0,4,0
Peach:5,64,53,5,0,4,0
Peach:5,63,53,5,0,4,0
Peach:5,62,53,5,0,4,0
Peach:5,62,53,5,0,4,0
Peach:5,64,53,5,0,5,0
Peach:5,70,53,3,-1,6,0
Peach:8,67,53,4,0,6,0
Peach:5,63,53,6,0,6,0
Peach:5,75,53,4,0,6,0
Peach:5,74,100,3,0,6,0
Peach:5,70,53,5,0,5,0
Peach:5,74,100,3,0,6,0
Peach:8,70,53,8,0,7,0
Peach:8,70,53,5,0,5,0
Peach:5,67,53,8,0,7,0
Peach:5,75,100,3,0,6,0
Peach:8,69,53,9,0,7,0
Peach:8,72,100,5,0,4,0
Peach:5,70,53,8,0,7,0
Peach:5,73,100,5,0,4,0
Peach:5,78,100,4,0,6,0
Peach:8,73,100,8,0,7,0
Peach:8,73,100,5,0,4,0
Peach:5,71,100,8,0,6,0
Peach:8,73,100,5,0,5,0
Peach:5,71,100,7,0,7,0
Peach:5,77,100,4,0,6,0
Peach:8,72,100,8,0,7,0
Peach:5,77,100,4,0,5,0
Peach:8,72,100,8,0,7,0
Peach:5,76,100,3,0,5,0
Peach:8,72,100,8,0,7,0
Peach:5,77,100,3,0,6,0
Peach:8,73,100,8,0,8,0
Peach:5,78,100,3,0,6,0
Peach:8,74,100,8,0,8,0
Peach:5,79,100,3,0,6,0
Peach:8,74,100,7,0,8,0
Peach:8,74,100,4,0,5,0
Peach:8,74,100,4,0,5,0
Peach:8,73,100,4,0,5,0
Peach:8,76,100,4,0,6,0
Peach:8,72,100,4,0,5,0
Peach:8,72,53,4,0,5,0
Peach:5,73,53,4,0,6,0
Peach:8,70,53,7,0,8,0
Peach:8,70,53,4,0,5,0
Peach:5,69,53,7,0,7,0
Peach:5,74,53,3,0,6,0
Peach:5,75,53,3,0,6,0
Peach:8,71,53,8,0,8,0
Peach:5,74,53,3,0,6,0
Peach:8,72,53,7,0,8,0
Peach:5,75,53,4,0,6,0
Peach:8,71,53,8,0,8,0
Peach:5,75,100,3,0,6,0
Peach:8,69,53,5,0,5,0
Peach:5,74,100,4,0,6,0
Peach:8,67,53,9,0,7,0
Peach:8,68,53,5,0,5,0
Peach:8,74,53,4,0,7,0
Peach:8,67,100,6,0,5,0
Peach:8,67,100,6,0,5,0
Peach:8,66,100,6,0,5,0
Peach:8,66,100,6,0,5,0
Peach:8,67,100,6,0,5,0
Peach:5,73,100,5,0,4,0
Peach:8,69,100,9,0,7,0
Peach:8,69,100,6,0,5,0
Peach:8,69,100,6,0,5,0
Peach:8,71,100,6,0,5,0
Peach:8,71,100,5,0,5,0
Peach:8,70,100,5,0,5,0
Peach:5,76,100,4,0,6,0
Peach:8,70,100,9,0,7,0
Peach:5,74,100,4,0,5,0
Peach:8,71,100,8,0,7,0
Peach:5,72,100,5,0,5,0
Peach:8,72,53,8,0,8,0
Peach:8,71,100,5,0,4,0
Peach:5,67,100,8,0,3,0
Peach:5,72,100,6,0,3,0
Peach:8,69,100,8,0,3,0
Peach:5,70,100,10,0,5,0
Peach:5,73,100,6,0,3,0
Peach:5,71,100,7,0,3,0
Peach:5,71,100,6,0,4,0
Peach:8,70,100,7,0,3,0
Peach:5,71,100,9,0,5,0
Peach:8,68,53,8,0,2,0
Peach:5,71,53,10,0,4,0
Peach:5,71,53,8,0,1,0
Peach:5,70,53,7,0,2,0
Peach:5,67,53,8,0,1,0
Peach:5,67,53,9,0,0,0
Peach:5,67,53,9,0,1,0
Peach:5,66,53,12,0,0,0
Peach:5,65,53,12,0,0,0
Peach:5,65,53,13,0,0,0
Peach:5,67,53,13,0,0,0
Peach:5,67,53,13,0,0,0
Peach:5,63,53,13,0,0,0
Peach:5,67,53,12,0,0,0
Peach:8,65,53,12,0,0,0
Peach:5,68,53,14,0,2,0
Peach:5,68,53,11,0,1,0
Peach:8,64,53,11,0,1,0
Peach:5,68,53,14,0,4,0
Peach:5,67,53,10,0,1,0
Peach:8,65,53,10,0,2,0
Peach:5,66,53,12,0,4,0
Peach:5,64,53,8,0,2,0
Peach:8,65,53,10,0,5,0
Peach:8,69,53,6,0,4,0
Peach:5,67,53,9,0,6,0
Peach:5,66,100,6,0,4,0
Peach:8,68,100,6,0,4,0
Peach:5,66,53,9,0,6,0
Peach:5,70,100,5,0,5,0
Peach:8,68,100,8,0,7,0
Peach:5,72,100,4,0,5,0
Peach:8,68,100,9,0,6,0
Peach:8,69,100,5,0,4,0
Peach:5,67,100,8,0,6,0
Peach:5,72,100,4,0,6,0
Peach:8,69,100,8,0,7,0
Peach:5,67,100,5,0,4,0
Peach:8,68,100,8,0,7,0
Peach:8,68,100,6,0,3,0
Peach:5,69,53,9,0,7,0
Peach:8,67,100,7,0,4,0
Peach:5,66,100,9,0,5,0
Peach:5,69,100,5,0,5,0
Peach:8,68,100,8,0,7,0
Peach:5,72,100,4,0,6,0
Peach:8,67,100,8,0,6,0
Peach:5,71,100,3,0,6,0
Peach:8,67,100,8,0,7,0
Peach:5,69,100,4,0,6,0
Peach:8,68,100,8,0,7,0
Peach:5,71,100,3,0,5,0
Peach:8,67,100,8,0,7,0
Peach:5,71,100,3,0,5,0
Peach:8,67,100,8,0,6,0
Peach:5,69,100,4,0,4,0
Peach:8,68,100,7,0,6,0
Peach:8,68,100,5,0,4,0
Peach:5,71,100,4,0,6,0
Peach:8,69,53,8,0,7,0
Peach:8,68,100,5,0,4,0
Peach:8,69,100,4,0,4,0
Peach:5,73,53,3,-1,4,0
Peach:8,69,53,8,0,6,0
Peach:5,69,53,5,0,3,0
Peach:8,70,100,5,0,4,0
Peach:5,69,53,8,0,6,0
Peach:5,76,100,3,0,6,0
Peach:8,69,53,7,0,7,0
Peach:5,76,100,3,0,5,0
Peach:8,69,53,8,0,7,0
Peach:5,70,53,5,0,4,0
Peach:5,70,53,5,0,4,0
Peach:5,69,53,6,0,4,0
Peach:8,70,53,6,0,4,0
Peach:8,69,53,5,0,4,0
Peach:8,69,53,6,0,4,0
Peach:8,64,53,7,0,3,0
Peach:5,66,53,9,0,5,0
Peach:8,63,53,6,0,4,0
Peach:5,62,53,6,0,5,0
Peach:5,61,53,6,0,4,0
Peach:5,62,53,6,0,3,0
Peach:5,62,53,7,0,4,0
Peach:5,63,53,8,0,3,0
Peach:5,65,53,8,0,3,0
Peach:5,67,53,8,0,2,0
Peach:5,66,53,10,0,2,0
Peach:5,64,53,11,0,1,0
Peach:5,60,53,12,0,1,0
Peach:5,60,53,11,0,1,0
Peach:5,60,53,11,0,2,0
Peach:5,61,53,11,0,1,0
Peach:5,60,53,11,0,1,0
Peach:5,61,53,11,0,2,0
Peach:5,57,53,15,0,0,0
Peach:5,58,53,18,22,0,0
Peach:5,59,53,18,19,0,0
Peach:5,57,53,19,19,0,0
Peach:5,57,53,19,22,-1,-6
Peach:5,60,53,18,19,-1,0
Peach:5,67,53,16,4,-3,-3
Peach:5,64,53,16,4,-3,0
Peach:5,59,53,18,19,-5,-9
Peach:5,61,53,20,19,-5,-9
Peach:8,60,53,20,80,0,0
Peach:5,63,53,22,22,-4,-12
Peach:5,63,53,20,22,-4,-12
Peach:5,65,53,21,19,-5,-12
Peach:5,65,53,20,24,-5,-12
Peach:5,64,53,20,24,-5,-12
Peach:5,62,53,18,21,-6,-15
Peach:5,62,53,18,24,-6,-12
Peach:5,63,53,18,19,-6,-15
Peach:5,64,53,18,19,-5,-12
Peach:5,63,53,18,19,-4,-12
Peach:5,62,53,18,4,-4,0
Peach:5,59,53,18,80,-5,0
Peach:5,59,53,19,80,-3,-9
Peach:5,57,53,19,80,-4,-12
Peach:5,60,53,19,80,-3,-12
Peach:5,65,53,18,80,-3,0
Peach:5,47,53,15,12,2,0
Peach:5,65,53,18,80,-3,0
Peach:5,46,53,14,80,4,0
Peach:5,64,53,18,80,-2,0
Peach:5,42,53,17,80,6,0
Peach:5,63,53,17,0,0,0
Peach:5,53,53,15,80,7,0
Peach:5,50,53,14,4,6,0
Peach:5,67,53,20,0,-2,-9
Peach:5,48,53,17,80,5,0
Peach:5,58,53,21,80,-2,-9
Peach:5,49,53,18,13,6,0
Peach:5,55,53,23,80,-1,0
Peach:5,50,53,18,13,6,0
Peach:5,53,53,14,7,4,0
Peach:5,52,53,13,6,3,0
Peach:5,51,53,15,12,4,0
Peach:5,50,53,15,12,4,0
Peach:5,50,53,17,13,5,0
Peach:5,50,53,16,12,4,0
Peach:5,50,53,16,12,5,0
Peach:5,50,53,17,12,4,0
Peach:5,49,53,17,12,5,0
Peach:5,49,53,14,12,5,0
Peach:5,50,53,13,4,3,0
Peach:5,56,53,14,12,6,0
Peach:5,52,53,13,10,3,0
Peach:5,51,53,13,10,4,0
Peach:5,51,53,13,10,3,0
Peach:5,50,53,13,10,4,0
Peach:5,51,53,14,11,5,0
Peach:5,51,53,13,11,4,0
Peach:5,52,53,13,10,5,0
Peach:5,53,53,14,13,3,0
Peach:5,54,53,13,10,4,0
Peach:5,55,53,14,13,3,0
Peach:5,55,53,12,11,5,0
Peach:5,56,53,12,4,4,0
Peach:5,56,53,11,0,5,0
Peach:8,55,53,10,0,6,0
Peach:5,58,53,12,80,8,0
Peach:5,53,53,8,4,6,0
Peach:5,53,53,8,0,5,0
Peach:5,57,53,7,0,4,0
Peach:5,55,53,6,0,6,0
Peach:5,55,53,7,0,6,0
Peach:5,52,53,7,0,5,0
Peach:5,51,53,7,0,6,0
Peach:5,52,53,7,0,6,0
Peach:5,52,53,7,0,5,0
Peach:5,57,53,6,0,7,0
Peach:5,54,53,6,0,6,0
Peach:5,55,53,7,0,5,0
Peach:5,62,53,5,0,7,0
Peach:5,64,53,5,0,7,0
Peach:5,63,53,5,0,7,0
Peach:5,64,53,5,0,6,0
Peach:5,64,53,5,0,7,0
Peach:5,63,53,5,0,7,0
Peach:5,64,53,5,0,7,0
Peach:5,64,53,5,0,7,0
Peach:5,66,53,5,0,7,0
Peach:5,54,53,14,0,5,0
Peach:5,53,53,13,4,4,0
Peach:5,52,53,13,0,4,0
Peach:5,51,53,13,9,3,0
Peach:5,49,53,11,0,5,0
Peach:5,48,53,12,4,4,0
Peach:5,48,53,12,0,5,0
Peach:5,49,53,11,0,4,0
Peach:5,51,53,9,0,5,0
Peach:5,51,53,9,0,5,0
Peach:5,53,53,8,0,5,0
Peach:5,52,53,7,0,6,0
Peach:5,55,53,7,0,7,0
Peach:5,54,53,6,0,7,0
Peach:5,55,53,6,0,8,8
Peach:5,54,53,6,0,7,0
Peach:5,50,53,6,0,5,0
Peach:5,54,53,6,0,8,0
Peach:5,50,53,6,0,6,0
Peach:5,48,53,6,0,6,5
Peach:5,48,53,7,0,5,5
Peach:5,50,53,8,0,5,0
Peach:5,49,53,8,0,5,0
Peach:5,50,53,8,0,6,0
Peach:5,50,53,9,4,5,0
Peach:5,49,53,11,4,3,0
Peach:5,48,53,12,7,4,0
Peach:5,49,53,12,7,4,0
Peach:5,48,53,13,10,5,0
Peach:5,47,53,12,10,5,0
Peach:5,46,53,14,10,3,0
Peach:5,49,53,14,10,3,0
Peach:5,49,53,14,12,3,0
Peach:5,49,53,15,13,2,0
Peach:5,50,53,14,11,2,0
Peach:5,46,53,15,13,4,0
Peach:5,46,53,14,13,4,0
Peach:5,46,53,14,12,4,0
Peach:8,45,53,14,10,4,0
Peach:5,47,53,16,80,6,0
Peach:5,51,53,13,12,3,0
Peach:5,54,53,11,0,4,0
Peach:5,53,53,11,4,3,0
Peach:5,54,53,10,0,3,0
Peach:5,54,53,10,0,2,0
Peach:5,54,53,11,0,3,0
Peach:5,54,53,10,0,3,0
Peach:5,53,53,11,4,2,0
Peach:5,54,53,10,0,3,0
Peach:5,52,53,11,0,4,0
Peach:5,52,53,11,0,2,0
Peach:5,50,53,12,0,4,0
Peach:5,48,53,11,0,5,0
Peach:5,48,53,12,0,2,0
Peach:5,49,53,12,0,1,0
Peach:5,52,53,11,0,3,0
Peach:5,54,53,9,0,4,0
Peach:5,51,53,9,0,3,0
Peach:5,53,53,9,0,4,0
Peach:5,52,53,10,0,4,0
Peach:5,54,53,8,0,6,0
Peach:5,54,53,8,0,5,0
Peach:5,55,53,8,0,5,0
Peach:5,55,53,8,0,5,0
Peach:5,54,53,8,0,4,0
Peach:5,56,53,7,0,6,0
Peach:5,57,53,6,0,7,8
Peach:5,58,53,6,0,7,0
Peach:5,57,53,6,0,7,8
Peach:5,55,53,6,0,5,0
Peach:5,55,53,7,0,7,0
Peach:5,55,53,7,0,4,0
Peach:5,57,53,7,0,6,0
Peach:5,52,53,10,0,3,0
Peach:5,50,53,12,0,5,0
Peach:5,47,53,12,0,4,0
Peach:5,47,53,12,0,4,0
Peach:5,47,53,15,11,6,0
Peach:5,48,53,14,12,5,0
Peach:5,48,53,13,4,5,0
Peach:5,49,53,13,4,4,0
Peach:5,52,53,13,4,4,0
Peach:5,54,53,13,4,4,0
Peach:5,54,53,13,12,3,0
Peach:5,55,53,13,12,3,0
Peach:5,54,53,14,12,4,0
Peach:5,55,53,14,12,3,0
Peach:5,52,53,15,15,3,0
Peach:5,74,71,17,0,-4,0
Peach:5,72,53,19,24,-5,-13
Peach:5,68,69,14,2,-4,0
Peach:5,63,53,15,3,-5,0
Peach:5,63,53,16,4,-4,0
Peach:5,62,53,16,3,-5,-16
Peach:5,62,53,16,19,-5,-9
Peach:5,61,53,14,3,-4,-1
Peach:5,61,53,15,4,-4,0
Peach:5,62,53,14,4,-4,-1
Peach:5,61,53,15,3,-5,-16
Peach:5,61,53,15,4,-4,0
Peach:5,61,53,16,19,-6,-16
Peach:5,61,53,16,19,-5,-16
Peach:5,61,53,17,19,-6,-16
Peach:8,60,53,16,3,-5,-16
Peach:5,60,53,19,80,-4,67
Peach:5,60,53,16,19,-5,0
Peach:5,58,53,16,19,-4,0
Peach:8,58,53,15,1,-4,-1
Peach:5,58,53,18,80,-2,67
Peach:8,58,53,16,4,-4,0
Peach:5,58,53,19,80,-3,67
Peach:8,58,53,16,4,-4,0
Peach:5,58,53,19,80,-3,67
Peach:8,58,53,16,4,-4,0
Peach:5,58,53,19,80,-3,67
Peach:5,58,53,17,19,-5,-12
Peach:5,58,53,17,19,-5,-12
Peach:5,57,53,17,19,-5,-9
Peach:8,58,53,17,80,-5,-12
Peach:5,58,53,19,80,-3,67
Peach:5,59,53,17,19,-5,-9
Peach:8,59,53,17,19,-5,-9
Peach:8,61,53,17,4,-5,-12
Peach:5,63,53,16,2,-4,-12
Peach:5,52,53,13,10,1,0
Peach:8,48,53,11,8,1,0
Peach:5,47,53,13,6,2,0
Peach:5,45,53,14,12,2,0
Peach:5,45,53,14,12,2,0
Peach:5,44,53,14,12,2,0
Peach:5,44,53,14,12,1,-1
Peach:5,46,53,14,12,3,0
Peach:5,46,53,14,12,2,0
Peach:5,45,53,14,12,1,0
Peach:5,47,53,13,12,2,0
Peach:5,47,53,13,12,1,0
Peach:5,48,53,14,11,1,0
Peach:5,48,53,14,12,1,0
Peach:5,48,53,14,12,2,0
Peach:5,48,53,14,12,1,0
Peach:5,44,53,14,12,3,0
